- 
  id: 1
  station_id: 9414131
  name: "Pillar Point Harbor CA"
  latitude: 37.4954239229958
  longitude: -122.4986519292
